Subtracted_Data X1	Subtracted_Data Y1
	Subtracted from B
3997.50329	-3.40269329318958E-4
3995.45434	-2.46594924279029E-4
3993.40538	-1.61926724192167E-4
3991.35643	-8.62647290583722E-5
3989.30748	-1.96089388776441E-5
3987.25853	3.80406463500172E-5
3985.20958	8.66840266246115E-5
3983.16063	1.26321201946139E-4
3981.11168	1.5626406347601E-4
3979.06273	1.5904742118761E-4
3977.01378	1.66904548479374E-4
3974.96483	1.75516657086454E-4
3972.91588	1.68963157776811E-4
3970.86692	1.52128891183378E-4
3968.81797	1.30333087080171E-4
3966.76902	1.19863301033962E-4
3964.72007	1.48445993791609E-4
3962.67112	2.08242040325172E-4
3960.62217	2.66643067457202E-4
3958.57322	3.53538439569331E-4
3956.52427	4.41007566294753E-4
3954.47532	4.50586888406374E-4
3952.42637	4.03830920845643E-4
3950.37741	3.61199164891116E-4
3948.32846	3.6572125756967E-4
3946.27951	3.71476609665632E-4
3944.23056	3.21703003005943E-4
3942.18161	2.61945903075919E-4
3940.13266	2.57053967317859E-4
3938.08371	2.80328324854347E-4
3936.03476	3.24898159111104E-4
3933.98581	4.19467331507803E-4
3931.93686	5.2830528923102E-4
3929.88791	5.95943931770494E-4
3927.83895	5.74154977623095E-4
3925.79	4.85597023116444E-4
3923.74105	4.02096085395431E-4
3921.6921	4.04971394277506E-4
3919.64315	5.13343076190796E-4
3917.5942	5.75625398957413E-4
3915.54525	5.38676052845265E-4
3913.4963	4.90637796002041E-4
3911.44735	4.06558380927497E-4
3909.3984	3.12327164532154E-4
3907.34945	3.33118580276035E-4
3905.30049	3.99500726781129E-4
3903.25154	3.86313195885783E-4
3901.20259	4.18368430110853E-4
3899.15364	4.87700583398084E-4
3897.10469	5.5707686418419E-4
3895.05574	6.93472609868746E-4
3893.00679	8.29274922565482E-4
3890.95784	9.86373166840018E-4
3888.90889	0.00114496441599173
3886.85994	0.00125023214489563
3884.81098	0.00132726028931871
3882.76203	0.00125918708367506
3880.71308	0.00122191999315268
3878.66413	0.00129680539697151
3876.61518	0.00120028468938442
3874.56623	9.55007431013097E-4
3872.51728	8.17333574742636E-4
3870.46833	8.32871942246657E-4
3868.41938	9.67032275957344E-4
3866.37043	9.09921128044462E-4
3864.32148	5.99138271428972E-4
3862.27252	4.30600221118771E-4
3860.22357	4.68404487602443E-4
3858.17462	5.25562608523558E-4
3856.12567	5.73801046538782E-4
3854.07672	6.4176936145677E-4
3852.02777	7.98071850164624E-4
3849.97882	9.01901044855616E-4
3847.92987	8.81155360088187E-4
3845.88092	8.88312410854053E-4
3843.83197	0.00101415748285489
3841.78301	0.00127347586943895
3839.73406	0.00142165014902882
3837.68511	0.0013173570177007
3835.63616	0.00124207860140171
3833.58721	0.00119965901052229
3831.53826	0.00124890164999245
3829.48931	0.00131667326028066
3827.44036	0.00128241071761599
3825.39141	0.00128709842351889
3823.34246	0.00132321397192119
3821.29351	0.00129308111777838
3819.24455	0.00122176569750131
3817.1956	0.00125572721266664
3815.14665	0.00128440254042421
3813.0977	0.00123839597874598
3811.04875	0.00125907200078401
3808.9998	0.00133661862567572
3806.95085	0.00135346820491352
3804.9019	0.00126779064656691
3802.85295	0.00129578302081962
3800.804	0.00132406771866666
3798.75505	0.00124407256754776
3796.70609	0.00122407607364406
3794.65714	0.0013302300463126
3792.60819	0.00137396231301846
3790.55924	0.00130369617122685
3788.51029	0.00132342054385681
3786.46134	0.00133108814455985
3784.41239	0.00129250689062519
3782.36344	0.00128686026497091
3780.31449	0.00124018244068853
3778.26554	0.00116017273262874
3776.21658	0.00114571598190291
3774.16763	0.0012221133192245
3772.11868	0.00126968849975079
3770.06973	0.00125174265421422
3768.02078	0.00133346831180273
3765.97183	0.00154181366999996
3763.92288	0.0015674192254686
3761.87393	0.00146357705860154
3759.82498	0.00154538921460912
3757.77603	0.00159622016750417
3755.72708	0.00141519005261327
3753.67812	0.00122572669758092
3751.62917	0.0011905429979353
3749.58022	0.00116594460939598
3747.53127	0.00108701546823605
3745.48232	9.89717335461926E-4
3743.43337	8.86790262162658E-4
3741.38442	9.22720899074614E-4
3739.33547	0.00108414069333602
3737.28652	0.00119028743532261
3735.23757	0.00114031745521245
3733.18862	0.00111387577532766
3731.13966	0.00117497845872558
3729.09071	0.00108715288069206
3727.04176	9.75935466298149E-4
3724.99281	9.77179380302133E-4
3722.94386	9.11226482169318E-4
3720.89491	7.14156183042786E-4
3718.84596	5.21622554722669E-4
3716.79701	4.75804555910664E-4
3714.74806	5.03559884899122E-4
3712.69911	5.35311841249269E-4
3710.65015	5.03700922524937E-4
3708.6012	4.2319568060083E-4
3706.55225	4.2408367188886E-4
3704.5033	5.62996344216063E-4
3702.45435	7.16682791174601E-4
3700.4054	8.1385591107926E-4
3698.35645	9.0742769452771E-4
3696.3075	9.18554476034563E-4
3694.25855	8.65252323365809E-4
3692.2096	9.23202455679043E-4
3690.16065	0.00108700917156942
3688.11169	0.00105648943932849
3686.06274	9.64980589251971E-4
3684.01379	9.99684205042542E-4
3681.96484	9.65421779685559E-4
3679.91589	9.15621141792834E-4
3677.86694	0.00100121238177304
3675.81799	0.0011189355448133
3673.76904	0.00113367547250838
3671.72009	0.00113718578732342
3669.67114	0.00117310246078739
3667.62218	0.00122391214458601
3665.57323	0.00141665352661819
3663.52428	0.00164522500298258
3661.47533	0.00161997729835024
3659.42638	0.00133861851640973
3657.37743	0.00125109214670677
3655.32848	0.00128449124766648
3653.27953	0.00116412643730569
3651.23058	0.00105783367308977
3649.18163	9.94897382513751E-4
3647.13268	9.07806143312042E-4
3645.08372	9.61175750833509E-4
3643.03477	0.00116776727628554
3640.98582	0.00122061369016433
3638.93687	0.0012870378563012
3636.88792	0.00156953927434945
3634.83897	0.00183147715945438
3632.79002	0.00187310648993239
3630.74107	0.00184889936572896
3628.69212	0.00195970797490315
3626.64317	0.00207517183853479
3624.59422	0.00210364540893622
3622.54526	0.00211344693933892
3620.49631	0.00208548291828259
3618.44736	0.00207829784337072
3616.39841	0.00221762173590966
3614.34946	0.00234024343142678
3612.30051	0.00229392914736366
3610.25156	0.00233563062155139
3608.20261	0.00250162085881675
3606.15366	0.00267115023514867
3604.10471	0.00283842840876714
3602.05575	0.00305289580498729
3600.0068	0.00324168515682996
3597.95785	0.00333944955932033
3595.9089	0.00346500500342444
3593.85995	0.00364694124021939
3591.811	0.00378817380016406
3589.76205	0.00393556392361983
3587.7131	0.00410671493242212
3585.66415	0.00425542923692903
3583.6152	0.0044570748676065
3581.56625	0.0047039338788602
3579.51729	0.00480501230700899
3577.46834	0.00483029356395005
3575.41939	0.00496324522448911
3573.37044	0.00510847513493766
3571.32149	0.00514800291181907
3569.27254	0.00522505177610624
3567.22359	0.00538755084174297
3565.17464	0.00551828895120441
3563.12569	0.00562521330931837
3561.07674	0.00577426208355532
3559.02779	0.00592465850492821
3556.97883	0.00607226833839863
3554.92988	0.00627302069735643
3552.88093	0.00646350532868752
3550.83198	0.00655863777753987
3548.78303	0.00664705302805482
3546.73408	0.00679862589577348
3544.68513	0.00699079680711992
3542.63618	0.0072144813016635
3540.58723	0.00746255870912586
3538.53828	0.00768691289952181
3536.48932	0.00784199787322365
3534.44037	0.00798672916907653
3532.39142	0.0081665110137196
3530.34247	0.00832628609534165
3528.29352	0.00847338624974062
3526.24457	0.00867017496625656
3524.19562	0.00891400217380113
3522.14667	0.00914013635334399
3520.09772	0.00935246135794775
3518.04877	0.00960134069665359
3515.99982	0.00984046818894824
3513.95086	0.010052614577406
3511.90191	0.0102931297901321
3509.85296	0.0105427574204005
3507.80401	0.0107320691239132
3505.75506	0.0108972835922791
3503.70611	0.0111099498496444
3501.65716	0.0113390739337502
3499.60821	0.0115497433303218
3497.55926	0.0117770545605072
3495.51031	0.012011027242996
3493.46135	0.0122191289530443
3491.4124	0.0124395602975922
3489.36345	0.0126568024265761
3487.3145	0.0128312369424308
3485.26555	0.0130304309768929
3483.2166	0.0132931733559344
3481.16765	0.0135427054116112
3479.1187	0.0137325671185322
3477.06975	0.0139090586163953
3475.0208	0.0140940004297616
3472.97185	0.014279004930363
3470.92289	0.0144922455759137
3468.87394	0.0147712442404265
3466.82499	0.0150817761915885
3464.77604	0.0153878519912134
3462.72709	0.0157119437492641
3460.67814	0.0160346773945085
3458.62919	0.0163334843044529
3456.58024	0.0166228546801505
3454.53129	0.0168917492933904
3452.48234	0.0171333823348075
3450.43339	0.0173329951355078
3448.38443	0.0174990416962887
3446.33548	0.0176644104070966
3444.28653	0.0178572566262117
3442.23758	0.0180835094778831
3440.18863	0.0183432971522552
3438.13968	0.0186312817962341
3436.09073	0.0189211572309504
3434.04178	0.0191826625264193
3431.99283	0.0194147584531443
3429.94388	0.0196488582976275
3427.89492	0.0198870721693451
3425.84597	0.020105799770541
3423.79702	0.020320173835141
3421.74807	0.0205275261921014
3419.69912	0.0207291796315443
3417.65017	0.0209371084963891
3415.60122	0.0211385360196854
3413.55227	0.0213454184661717
3411.50332	0.0215629428496199
3409.45437	0.0217756174798626
3407.40542	0.0219682492990297
3405.35646	0.0221142606338733
3403.30751	0.0222430376120577
3401.25856	0.0223833871757338
3399.20961	0.0225156094797291
3397.16066	0.0226441766360763
3395.11171	0.0228043118555095
3393.06276	0.0230071026246262
3391.01381	0.0232422337151054
3388.96486	0.0235020686102266
3386.91591	0.0237715319101241
3384.86696	0.0240497653986308
3382.818	0.0243206167419391
3380.76905	0.0245576711628088
3378.7201	0.0247451383183948
3376.67115	0.0248857527646927
3374.6222	0.0250116879378976
3372.57325	0.0251547010079915
3370.5243	0.0253094450725703
3368.47535	0.0254732067134042
3366.4264	0.0256636616299943
3364.37745	0.0258717344231127
3362.32849	0.026085254659464
3360.27954	0.0263228663853965
3358.23059	0.0265860552762233
3356.18164	0.0268603160570368
3354.13269	0.0271333787594538
3352.08374	0.0273842765474175
3350.03479	0.0275982145548343
3347.98584	0.0277886875083815
3345.93689	0.0279757873963613
3343.88794	0.0281789999060368
3341.83899	0.028386073156202
3339.79003	0.0285661760801355
3337.74108	0.0286994640364603
3335.69213	0.0287797303928539
3333.64318	0.0288170581225097
3331.59423	0.0288205618367382
3329.54528	0.0287936457645669
3327.49633	0.0287444652662541
3325.44738	0.0286739449328363
3323.39843	0.0285776609147437
3321.34948	0.0284517504834518
3319.30052	0.0283290929795249
3317.25157	0.028254739689233
3315.20262	0.0282270812653658
3313.15367	0.028215748179722
3311.10472	0.028203655985053
3309.05577	0.0281875120522965
3307.00682	0.0281702590721111
3304.95787	0.0281320071559777
3302.90892	0.0280615903722735
3300.85997	0.027996838300561
3298.81102	0.0279593090144756
3296.76206	0.0279175198636738
3294.71311	0.0278579881978162
3292.66416	0.0278134033122677
3290.61521	0.0278153504299985
3288.56626	0.02783792157465
3286.51731	0.0278403671031386
3284.46836	0.0278157111541634
3282.41941	0.0277691950610001
3280.37046	0.02771145379644
3278.32151	0.0276576834562493
3276.27256	0.0275900846480351
3274.2236	0.0274903421423036
3272.17465	0.0273577606190656
3270.1257	0.0271937262062984
3268.07675	0.0269966929188061
3266.0278	0.0267883274027853
3263.97885	0.0265982510820586
3261.9299	0.0264141577786437
3259.88095	0.0262085286448797
3257.832	0.0259677271598894
3255.78305	0.0256955829038976
3253.73409	0.0254232738601042
3251.68514	0.0251911725818473
3249.63619	0.0250068461926025
3247.58724	0.0248331740330422
3245.53829	0.0246340399823892
3243.48934	0.024402441003341
3241.44039	0.0241476817776847
3239.39144	0.0238711484351745
3237.34249	0.023593141106196
3235.29354	0.0233335346200494
3233.24459	0.0230741585436632
3231.19563	0.0228085528512069
3229.14668	0.0225487552544079
3227.09773	0.0222963509763073
3225.04878	0.0220686808960558
3222.99983	0.0218802533273604
3220.95088	0.0217213684002053
3218.90193	0.0215666520633754
3216.85298	0.0213894904466534
3214.80403	0.0211836135444274
3212.75508	0.0209583079508634
3210.70613	0.020718760698965
3208.65717	0.0204905389122341
3206.60822	0.020288485732273
3204.55927	0.0200907746174264
3202.51032	0.0198892894470365
3200.46137	0.0196847556904256
3198.41242	0.0194544146810069
3196.36347	0.0192093629558143
3194.31452	0.0189938825722443
3192.26557	0.0188040836150394
3190.21662	0.0185905467961013
3188.16766	0.0183284681982113
3186.11871	0.0180395959403496
3184.06976	0.0177679315351613
3182.02081	0.0175378113369205
3179.97186	0.0173458975054715
3177.92291	0.0171705535192571
3175.87396	0.016970939263726
3173.82501	0.0167243865700269
3171.77606	0.0164549240749016
3169.72711	0.0161987162006781
3167.67816	0.0159685155912201
3165.6292	0.0157675002297568
3163.58025	0.0155589295474807
3161.5313	0.0153198638805608
3159.48235	0.0150789472891949
3157.4334	0.0148503260574136
3155.38445	0.0146398207041344
3153.3355	0.0144622562731596
3151.28655	0.0143085302064789
3149.2376	0.0141648611861447
3147.18865	0.0139992416887367
3145.13969	0.0137907411001883
3143.09074	0.0135712342362958
3141.04179	0.0133587316594603
3138.99284	0.0131334068280087
3136.94389	0.0128955599105598
3134.89494	0.0126686765579361
3132.84599	0.0124784596419641
3130.79704	0.0123080871475892
3128.74809	0.0121126374855197
3126.69914	0.0118977773403758
3124.65019	0.011700114559612
3122.60123	0.0115273882123997
3120.55228	0.0113656903090851
3118.50333	0.0111768413667992
3116.45438	0.0109401913144353
3114.40543	0.0106799317230795
3112.35648	0.010426055031268
3110.30753	0.010190055965983
3108.25858	0.00997126635827378
3106.20963	0.00977973294490754
3104.16068	0.00959776494425846
3102.11173	0.00938964441189866
3100.06277	0.00915652218167797
3098.01382	0.0089333409426469
3095.96487	0.00873915198113805
3093.91592	0.00856990252405922
3091.86697	0.00841882482939297
3089.81802	0.00828826430279671
3087.76907	0.00817032200602992
3085.72012	0.00804415782437485
3083.67117	0.00791737505605869
3081.62222	0.00779306119974502
3079.57326	0.00764046663676272
3077.52431	0.00745371052671765
3075.47536	0.00723220614685907
3073.42641	0.00697682378800716
3071.37746	0.00670934778075885
3069.32851	0.00645529092667162
3067.27956	0.00623189455892569
3065.23061	0.00605698824598741
3063.18166	0.00594469112362139
3061.13271	0.0058843440838641
3059.08376	0.00583336040393313
3057.0348	0.00576215788592869
3054.98585	0.00567471994280641
3052.9369	0.00556349152597906
3050.88795	0.00542250129726218
3048.839	0.00526735259132326
3046.79005	0.00509394735068714
3044.7411	0.00487936401251131
3042.69215	0.00462855431711122
3040.6432	0.00437814418816095
3038.59425	0.00415878673450224
3036.5453	0.00397733414732934
3034.49634	0.0038144938214514
3032.44739	0.00364943469013406
3030.39844	0.00349077365043875
3028.34949	0.00335300996416007
3026.30054	0.003222995800793
3024.25159	0.00307909466526783
3022.20264	0.00293267458739096
3020.15369	0.00280073255623388
3018.10474	0.00267904381742417
3016.05579	0.00255400808567807
3014.00683	0.00242269474670137
3011.95788	0.00230232703234801
3009.90893	0.00219052636451135
3007.85998	0.00206317660851783
3005.81103	0.0019102792880155
3003.76208	0.00175785399421472
3001.71313	0.00163497011427277
2999.66418	0.00153737576836633
2997.61523	0.00144347968700324
2995.56628	0.00134683090568652
2993.51733	0.00126598297295764
2991.46837	0.00121252103603026
2989.41942	0.00116481719580312
2987.37047	0.00109740631955707
2985.32152	0.00101599096808029
2983.27257	9.50120408733506E-4
2981.22362	9.12991822751604E-4
2979.17467	8.98717432794363E-4
2977.12572	9.04722802957434E-4
2975.07677	9.41131471618111E-4
2973.02782	0.00101177854939302
2970.97886	0.00109745944333981
2968.92991	0.00116853603148173
2966.88096	0.00122487307235442
2964.83201	0.00127810033600739
2962.78306	0.00131763938027309
2960.73411	0.00132396112661855
2958.68516	0.00131801604435197
2956.63621	0.00134546048509149
2954.58726	0.00143115439932907
2952.53831	0.0015658582205095
2950.48936	0.00173073056133306
2948.4404	0.00191317437837922
2946.39145	0.00210545235672155
2944.3425	0.00229747424024413
2942.29355	0.00247073348322478
2940.2446	0.00261321223618194
2938.19565	0.00275016864357752
2936.1467	0.0029039649391255
2934.09775	0.00307351539270872
2932.0488	0.003250829277608
2929.99985	0.00343985254658567
2927.9509	0.00365646779408529
2925.90194	0.00390549879100421
2923.85299	0.0041723937426118
2921.80404	0.0044432162387752
2919.75509	0.0047133963921216
2917.70614	0.00497170366193907
2915.65719	0.0052022378381635
2913.60824	0.0054062932808281
2911.55929	0.0056112095987956
2909.51034	0.0058510051173028
2907.46139	0.00612271176048137
2905.41243	0.00638549719044131
2903.36348	0.0066066557661039
2901.31453	0.00678428727623304
2899.26558	0.00692562273128995
2897.21663	0.00702488862171386
2895.16768	0.00708539739671838
2893.11873	0.00712642531635977
2891.06978	0.00714199072209478
2889.02083	0.00710802144397953
2886.97188	0.00701760370306239
2884.92293	0.00689878298927651
2882.87397	0.00679677221334417
2880.82502	0.00673398790587133
2878.77607	0.00668162487798079
2876.72712	0.00660665169642482
2874.67817	0.0065139645321852
2872.62922	0.00642396181148676
2870.58027	0.00632279762187287
2868.53132	0.00619994731779876
2866.48237	0.00608296769203941
2864.43342	0.00597566894522822
2862.38447	0.00583593367106909
2860.33551	0.00564512862613197
2858.28656	0.00542260246740902
2856.23761	0.00519542330887524
2854.18866	0.00498055066708106
2852.13971	0.00477865446581929
2850.09076	0.00456163539836636
2848.04181	0.00430962945205168
2845.99286	0.00404543324762331
2843.94391	0.00379638638738932
2841.89496	0.00354637146742074
2839.846	0.00329523488197518
2837.79705	0.00306418049133919
2835.7481	0.00283482844535727
2833.69915	0.00259416540967581
2831.6502	0.00236461696064416
2829.60125	0.00216669918132246
2827.5523	0.00199786932531639
2825.50335	0.00184108690860135
2823.4544	0.00169027072330898
2821.40545	0.00154596399611319
2819.3565	0.00141524389013991
2817.30754	0.00131895227435892
2815.25859	0.00125109843851557
2813.20964	0.00118553782616204
2811.16069	0.00112456026343542
2809.11174	0.00107908002894245
2807.06279	0.00102902496375001
2805.01384	9.6064870069821E-4
2802.96489	8.78403967567079E-4
2800.91594	7.83078340132651E-4
2798.86699	6.7448200980814E-4
2796.81803	5.63293949228153E-4
2794.76908	4.71423900215051E-4
2792.72013	3.99641333054558E-4
2790.67118	3.35385401246481E-4
2788.62223	2.81579410707211E-4
2786.57328	2.35038611748775E-4
2784.52433	1.85150506162647E-4
2782.47538	1.35647065296405E-4
2780.42643	9.86749726073509E-5
2778.37748	6.29838641776226E-5
2776.32853	1.40245203421054E-5
2774.27957	-4.46584609759173E-5
2772.23062	-9.45132285021136E-5
2770.18167	-1.20741055735743E-4
2768.13272	-1.36848180020407E-4
2766.08377	-1.64943867525927E-4
2764.03482	-2.05857021872386E-4
2761.98587	-2.40193693403448E-4
2759.93692	-2.56045685621018E-4
2757.88797	-2.63422755439255E-4
2755.83902	-2.72359702449758E-4
2753.79007	-2.73705283320416E-4
2751.74111	-2.51493775115426E-4
2749.69216	-2.1342461330282E-4
2747.64321	-1.76618047861556E-4
2745.59426	-1.42981674800764E-4
2743.54531	-9.91741770625605E-5
2741.49636	-4.6098612039424E-5
2739.44741	-1.64046435091329E-5
2737.39846	-8.19894887156068E-6
2735.34951	1.54434957726803E-5
2733.30056	5.96829696705826E-5
2731.2516	9.93992226474026E-5
2729.20265	1.20476529397617E-4
2727.1537	1.27622694011315E-4
2725.10475	1.38785339568482E-4
2723.0558	1.66690353324302E-4
2721.00685	2.02425659820652E-4
2718.9579	2.3187553159326E-4
2716.90895	2.46426503604135E-4
2714.86	2.44858402009183E-4
2712.81105	2.24175566785331E-4
2710.7621	1.83056105001157E-4
2708.71314	1.49600193854876E-4
2706.66419	1.45440078895555E-4
2704.61524	1.54419896672126E-4
2702.56629	1.49076091040969E-4
2700.51734	1.27633339282626E-4
2698.46839	1.13479882165718E-4
2696.41944	1.2170122822661E-4
2694.37049	1.44084243093958E-4
2692.32154	1.65333597843646E-4
2690.27259	1.79450691444358E-4
2688.22364	1.90655389445162E-4
2686.17468	1.92696512563931E-4
2684.12573	1.76479566254064E-4
2682.07678	1.65515986101141E-4
2680.02783	1.764574636009E-4
2677.97888	2.00426322694088E-4
2675.92993	2.31558431339751E-4
2673.88098	2.76704589633591E-4
2671.83203	3.39810620305695E-4
2669.78308	4.14116495080939E-4
2667.73413	4.82355353021611E-4
2665.68517	5.23441344685244E-4
2663.63622	5.40216222444278E-4
2661.58727	5.59177847273386E-4
2659.53832	5.78615935355806E-4
2657.48937	5.65860911695442E-4
2655.44042	5.26270393631296E-4
2653.39147	4.95283416652195E-4
2651.34252	4.59135396347306E-4
2649.29357	4.02677163507576E-4
2647.24462	3.57411088402367E-4
2645.19567	3.51771683629444E-4
2643.14671	3.64980792108212E-4
2641.09776	3.69138084817266E-4
2639.04881	3.67555902423346E-4
2636.99986	3.64171005200046E-4
2634.95091	3.60105715722463E-4
2632.90196	3.65694997179135E-4
2630.85301	3.73427658922173E-4
2628.80406	3.60263098548702E-4
2626.75511	3.30554408572943E-4
2624.70616	2.99586765170114E-4
2622.6572	2.60916852937256E-4
2620.60825	2.16074207154974E-4
2618.5593	1.91176598402821E-4
2616.51035	2.01816910387352E-4
2614.4614	2.27515614254638E-4
2612.41245	2.51186887081018E-4
2610.3635	2.84740352794925E-4
2608.31455	3.28945363841182E-4
2606.2656	3.72064514349491E-4
2604.21665	4.06478003547114E-4
2602.1677	4.07262878070158E-4
2600.11874	3.56012021663578E-4
2598.06979	2.79449539796571E-4
2596.02084	1.99385510793777E-4
2593.97189	1.03630012984602E-4
2591.92294	-9.45485306627249E-6
2589.87399	-1.04873463012165E-4
2587.82504	-1.53440174720025E-4
2585.77609	-1.63815499893475E-4
2583.72714	-1.30777569087862E-4
2581.67819	-4.76565898510112E-5
2579.62924	5.39548012475571E-5
2577.58028	1.47332745923585E-4
2575.53133	2.23174200377167E-4
2573.48238	2.85090147962426E-4
2571.43343	3.55252644407637E-4
2569.38448	4.31806634703769E-4
2567.33553	4.7169341718682E-4
2565.28658	4.61347502871846E-4
2563.23763	4.24877610928064E-4
2561.18868	3.77768053544805E-4
2559.13973	3.38715772954353E-4
2557.09077	3.26734467480433E-4
2555.04182	3.4707312956908E-4
2552.99287	3.80998851218493E-4
2550.94392	4.03389584160028E-4
2548.89497	4.16127791809855E-4
2546.84602	4.31910454681593E-4
2544.79707	4.74692445874384E-4
2542.74812	5.61288367003411E-4
2540.69917	6.59055832802042E-4
2538.65022	7.24203098131756E-4
2536.60127	7.61761960910141E-4
2534.55231	7.68673721321827E-4
2532.50336	7.33780132044737E-4
2530.45441	6.97705751191243E-4
2528.40546	6.88088711538945E-4
2526.35651	6.81761703190535E-4
2524.30756	6.57729398299798E-4
2522.25861	5.97439882736728E-4
2520.20966	5.05517712968686E-4
2518.16071	4.31311453278066E-4
2516.11176	4.21436598792933E-4
2514.06281	4.68409110377141E-4
2512.01385	5.27423681930761E-4
2509.9649	5.70860527720392E-4
2507.91595	5.91814794143863E-4
2505.867	5.77010574415661E-4
2503.81805	5.50692359094987E-4
2501.7691	5.55167962649433E-4
2499.72015	5.81568728967374E-4
2497.6712	5.91912879774251E-4
2495.62225	5.75838571444338E-4
2493.5733	5.5574410497724E-4
2491.52434	5.74163540833993E-4
2489.47539	6.33214649887356E-4
2487.42644	6.90942804824519E-4
2485.37749	7.34705595531711E-4
2483.32854	7.73344762713162E-4
2481.27959	7.98887601707426E-4
2479.23064	7.89117040202879E-4
2477.18169	7.48286594132085E-4
2475.13274	7.12378310672223E-4
2473.08379	6.85799540993061E-4
2471.03484	6.5769068044184E-4
2468.98588	6.49318821202804E-4
2466.93693	6.8577910976326E-4
2464.88798	7.6440198673258E-4
2462.83903	8.54101591391663E-4
2460.79008	9.1940295605199E-4
2458.74113	9.66179506227974E-4
2456.69218	0.00102101054979575
2454.64323	0.00107577856206107
2452.59428	0.00110108097416518
2450.54533	0.00108545183454088
2448.49637	0.00104136185532586
2446.44742	9.8384283463506E-4
2444.39847	9.20750099999526E-4
2442.34952	8.80364318321184E-4
2440.30057	8.92658452830003E-4
2438.25162	9.41768394932478E-4
2436.20267	9.95902411868031E-4
2434.15372	0.00103994750391643
2432.10477	0.0010768087939423
2430.05582	0.00111724657510847
2428.00687	0.00116030169534268
2425.95791	0.00120443581705659
2423.90896	0.00123782100990601
2421.86001	0.00124330807658271
2419.81106	0.00122665279715833
2417.76211	0.00120896840676981
2415.71316	0.00121620980072395
2413.66421	0.00125785221468068
2411.61526	0.00129972382548494
2409.56631	0.00129962568296891
2407.51736	0.00125339500379148
2405.46841	0.00118537580334833
2403.41945	0.00112200259477691
2401.3705	0.00108113975547232
2399.32155	0.00107752044111444
2397.2726	0.00111076467454155
2395.22365	0.00114637486181262
2393.1747	0.00115273121836009
2391.12575	0.00114018683258531
2389.0768	0.00112334820104048
2387.02785	0.00112019739524777
2384.9789	0.0011383544300306
2382.92994	0.00114396416599059
2380.88099	0.00109743384208033
2378.83204	0.00100832899492008
2376.78309	9.39554450655258E-4
2374.73414	9.32042098502789E-4
2372.68519	9.70434193939756E-4
2370.63624	0.0010337349032719
2368.58729	0.0011212107914634
2366.53834	0.00123797457320194
2364.48939	0.00137826110414255
2362.44044	0.00152517405277218
2360.39148	0.00166505691868047
2358.34253	0.00178856089389532
2356.29358	0.00189317879940824
2354.24463	0.00196652109331028
2352.19568	0.00199156477779961
2350.14673	0.00199601986714433
2348.09778	0.00203429320820058
2346.04883	0.00209591381977906
2343.99988	0.00213603065042344
2341.95093	0.00214707768728375
2339.90197	0.00214655680116061
2337.85302	0.00214417800765556
2335.80407	0.00214175086988594
2333.75512	0.00214781798264784
2331.70617	0.00217312102619651
2329.65722	0.00219778632332253
2327.60827	0.00220705330015772
2325.55932	0.00220760934664397
2323.51037	0.00221402422521768
2321.46142	0.00222646947997972
2319.41247	0.00222588589580365
2317.36351	0.00220244502679846
2315.31456	0.00217552204698734
2313.26561	0.00214260977745702
2311.21666	0.00208129153703648
2309.16771	0.0020125895494305
2307.11876	0.00199559846251924
2305.06981	0.00204953960299013
2303.02086	0.00214078361880716
2300.97191	0.00223056995499252
2298.92296	0.00231456336876305
2296.87401	0.00241594898893605
2294.82505	0.00254942325655086
2292.7761	0.00268347446785534
2290.72715	0.002785450647609
2288.6782	0.00288198487968205
2286.62925	0.00299517633617901
2284.5803	0.00308584815383947
2282.53135	0.00311763794905094
2280.4824	0.00310582134726068
2278.43345	0.00308097715930684
2276.3845	0.00303101448676232
2274.33554	0.00292444877524091
2272.28659	0.00276759637533883
2270.23764	0.0025989093842637
2268.18869	0.00244667700330063
2266.13974	0.00231229249781344
2264.09079	0.00218445232421926
2262.04184	0.00208874885013803
2259.99289	0.00207671109478369
2257.94394	0.0021154608547594
2255.89499	0.00215969456239315
2253.84604	0.00223535752760339
2251.79708	0.00236805116891111
2249.74813	0.00250839047950315
2247.69918	0.00260179588243589
2245.65023	0.00264421268764879
2243.60128	0.00266318800717601
2241.55233	0.00267090245954762
2239.50338	0.00265375384236309
2237.45443	0.00260670103920543
2235.40548	0.00253278439796115
2233.35653	0.00246223881299639
2231.30758	0.0024404213589939
2229.25862	0.0024478022328138
2227.20967	0.0024756118123171
2225.16072	0.00260103522650149
2223.11177	0.00285594537974182
2221.06282	0.00310703872693632
2219.01387	0.00325769044135852
2216.96492	0.00333599062841964
2214.91597	0.00338986649761439
2212.86702	0.00341232219695367
2210.81807	0.00338516728195515
2208.76911	0.00332875430247521
2206.72016	0.00324417788982377
2204.67121	0.00312276796943402
2202.62226	0.00296729338077196
2200.57331	0.00274824241337936
2198.52436	0.00249969613670312
2196.47541	0.00237530121735265
2194.42646	0.00238146450294429
2192.37751	0.00231792317242943
2190.32856	0.00213325601258187
2188.27961	0.001967770324446
2186.23065	0.00192807205160592
2184.1817	0.00201537347249314
2182.13275	0.00218893211441377
2180.0838	0.00240232224027761
2178.03485	0.00262788736218641
2175.9859	0.00289153659030418
2173.93695	0.00320783966829086
2171.888	0.00348039801402632
2169.83905	0.00363491260653337
2167.7901	0.00369550974497518
2165.74114	0.00363499452948165
2163.69219	0.00341484187014265
2161.64324	0.00306968504745304
2159.59429	0.00263932463332839
2157.54534	0.00216860168410988
2155.49639	0.00173965107742053
2153.44744	0.00139917744646442
2151.39849	0.00111494384900412
2149.34954	9.08902995764538E-4
2147.30059	8.98337509258171E-4
2145.25164	0.00108293691490437
2143.20268	0.00127134068852592
2141.15373	0.00135774468333707
2139.10478	0.00142440803396503
2137.05583	0.00155729130570811
2135.00688	0.00175242757580281
2132.95793	0.00192803999506419
2130.90898	0.00203935622868442
2128.86003	0.00215032792377109
2126.81108	0.00233316013278202
2124.76213	0.00257359635276751
2122.71318	0.00282713574289615
2120.66422	0.00311849918180163
2118.61527	0.00345782836260541
2116.56632	0.00375777176576759
2114.51737	0.00394450727892174
2112.46842	0.00401625805168723
2110.41947	0.00402650514308345
2108.37052	0.00399718210083526
2106.32157	0.00393564328716515
2104.27262	0.00383287203398833
2102.22367	0.00368851229157457
2100.17471	0.0035143709114961
2098.12576	0.00331614614804961
2096.07681	0.00315084847273605
2094.02786	0.00307947025751865
2091.97891	0.00306349255844885
2089.92996	0.00301979010733063
2087.88101	0.00295759056972812
2085.83206	0.0029395062266108
2083.78311	0.00294976022772008
2081.73416	0.00294892865081359
2079.68521	0.00294428441091355
2077.63625	0.00295929046830196
2075.5873	0.0029618079733171
2073.53835	0.0029290374428243
2071.4894	0.00286730156564591
2069.44045	0.00279287777906677
2067.3915	0.00274329239685497
2065.34255	0.00274497670472724
2063.2936	0.00281743891150094
2061.24465	0.00298320985771854
2059.1957	0.0032290194683009
2057.14675	0.00353237595251546
2055.09779	0.00385150245176876
2053.04884	0.00408039586313601
2050.99989	0.00416578611537933
2048.95094	0.00413709091844242
2046.90199	0.00402542029472171
2044.85304	0.00382642724964069
2042.80409	0.00353104080674884
2040.75514	0.00314328501224687
2038.70619	0.00269556400811751
2036.65724	0.00230696066161339
2034.60828	0.00213532707354879
2032.55933	0.00220517597823611
2030.51038	0.00236804273443617
2028.46143	0.00251590613983805
2026.41248	0.00263343277458523
2024.36353	0.00268140686705162
2022.31458	0.00265263074423404
2020.26563	0.00257065786438055
2018.21668	0.00240200096425547
2016.16773	0.00208251198674364
2014.11878	0.00163012395302269
2012.06982	0.00109709565635117
2010.02087	5.67668143489433E-4
2007.97192	2.09784474180476E-4
2005.92297	8.77777369173793E-5
2003.87402	1.35158537866506E-4
2001.82507	3.17520073395581E-4
1999.77612	6.59497425691904E-4
1997.72717	0.00120426977589085
1995.67822	0.00187897204982707
1993.62927	0.00254140965814237
1991.58031	0.00309227543221579
1989.53136	0.00348648865945249
1987.48241	0.00368262454789546
1985.43346	0.00364638917362063
1983.38451	0.00338876458617633
1981.33556	0.00300030749011909
1979.28661	0.00258231667525932
1977.23766	0.00217449817125401
1975.18871	0.00182453990657021
1973.13976	0.00159070899740862
1971.09081	0.00146325445970077
1969.04185	0.00144269680260381
1966.9929	0.00150076015519715
1964.94395	0.00159052611263611
1962.895	0.00166073237868558
1960.84605	0.00166737457867807
1958.7971	0.00161049357839644
1956.74815	0.00147937006838408
1954.6992	0.00127619876635669
1952.65025	0.00110251375259703
1950.6013	9.86826488521806E-4
1948.55235	9.21204994718597E-4
1946.50339	8.91038558753991E-4
1944.45444	8.81544522503696E-4
1942.40549	8.94971902061836E-4
1940.35654	9.43189626759038E-4
1938.30759	0.00103761412675941
1936.25864	0.00112276591182249
1934.20969	0.00120303879489412
1932.16074	0.0013279578106581
1930.11179	0.00143444165308337
1928.06284	0.00149817825527982
1926.01388	0.00155151618092762
1923.96493	0.0016329035412267
1921.91598	0.00167969342476073
1919.86703	0.00168907602419383
1917.81808	0.00169535465870095
1915.76913	0.00167923987505763
1913.72018	0.00163017526013162
1911.67123	0.00158443697999056
1909.62228	0.00155589395359189
1907.57333	0.00150299429585476
1905.52438	0.00151986937596409
1903.47542	0.00159616187532836
1901.42647	0.00160248280115403
1899.37752	0.0016462214411965
1897.32857	0.00175673088412186
1895.27962	0.00182866739076591
1893.23067	0.00180796322665765
1891.18172	0.00172522034984076
1889.13277	0.00160477827492981
1887.08382	0.00147482266189925
1885.03487	0.00141640796119533
1882.98592	0.00140601848323794
1880.93696	0.0013183014343787
1878.88801	0.00119253750513596
1876.83906	0.00114118385662001
1874.79011	0.00112019991733711
1872.74116	0.00108968989816618
1870.69221	0.00110701593822595
1868.64326	0.0011472415341069
1866.59431	0.00116805461679393
1864.54536	0.00117514310797254
1862.49641	0.00118349811013843
1860.44745	0.00123814692017041
1858.3985	0.00133464172182691
1856.34955	0.00137223605633406
1854.3006	0.0013343011119782
1852.25165	0.00125238907751148
1850.2027	0.00117540959360749
1848.15375	0.00112505059128
1846.1048	0.00113977828208699
1844.05585	0.00118086429774353
1842.0069	0.00116848526134006
1839.95795	0.00118076349238865
1837.90899	0.00120154981718847
1835.86004	0.00118803442855404
1833.81109	0.00118049349214993
1831.76214	0.00118944752238849
1829.71319	0.00113700073030391
1827.66424	0.00101295869396173
1825.61529	9.54547805904156E-4
1823.56634	9.22922060479964E-4
1821.51739	8.36819152654237E-4
1819.46844	7.73474529093088E-4
1817.41948	8.20567070380462E-4
1815.37053	8.91857105061581E-4
1813.32158	8.82643423217401E-4
1811.27263	8.69871873749476E-4
1809.22368	8.80126319131886E-4
1807.17473	9.35239477750501E-4
1805.12578	9.51324619923097E-4
1803.07683	8.75952029534595E-4
1801.02788	8.19017772789485E-4
1798.97893	8.28110237381764E-4
1796.92998	8.58989751824684E-4
1794.88102	8.52819359559036E-4
1792.83207	7.74934049722179E-4
1790.78312	7.02505915518872E-4
1788.73417	7.42444606709759E-4
1786.68522	8.30401858497814E-4
1784.63627	7.84916272518259E-4
1782.58732	6.97196141607914E-4
1780.53837	6.71056093433169E-4
1778.48942	7.01948755820002E-4
1776.44047	7.03860706134491E-4
1774.39152	6.56054535271549E-4
1772.34256	6.88815458553623E-4
1770.29361	7.20374392653566E-4
1768.24466	6.89876281386284E-4
1766.19571	6.92864261956958E-4
1764.14676	6.72039833031491E-4
1762.09781	6.26014002239685E-4
1760.04886	6.37162483077508E-4
1757.99991	6.66349676807136E-4
1755.95096	6.48756718909468E-4
1753.90201	6.42904122809279E-4
1751.85305	6.54742262120166E-4
1749.8041	8.76321057957918E-4
1747.75515	0.00116459540880455
1745.7062	0.0012147374077027
1743.65725	0.00121775625421221
1741.6083	0.00121524032635742
1739.55935	0.00122294090306062
1737.5104	0.00124845541706952
1735.46145	0.00118561658865229
1733.4125	0.00114733407077557
1731.36355	0.00115451751297053
1729.31459	0.00106554262810556
1727.26564	9.1779870369831E-4
1725.21669	7.92729325897357E-4
1723.16774	7.85307492604176E-4
1721.11879	9.68126262766792E-4
1719.06984	0.00102433162641992
1717.02089	9.31241902111503E-4
1714.97194	0.00100776758344923
1712.92299	0.00105384040440627
1710.87404	0.00112501001395377
1708.82509	0.00118615392300114
1706.77613	0.00126049985248913
1704.72718	0.00149549892942073
1702.67823	0.00164878050260485
1700.62928	0.00173036052440061
1698.58033	0.00191939308775132
1696.53138	0.00196543797732982
1694.48243	0.00194647951943608
1692.43348	0.00200819447368127
1690.38453	0.00213199807968037
1688.33558	0.00226175838504464
1686.28662	0.00243070090239487
1684.23767	0.00259842218506839
1682.18872	0.00274703462349981
1680.13977	0.00286163703345688
1678.09082	0.00313315628530014
1676.04187	0.00350294458790617
1673.99292	0.00374061659417247
1671.94397	0.00400247473979467
1669.89502	0.00437851376700453
1667.84607	0.00463524425689384
1665.79712	0.0046152853871957
1663.74816	0.00473379027229372
1661.69921	0.00520770388177457
1659.65026	0.00559283091373188
1657.60131	0.00588576339713335
1655.55236	0.00627111145897144
1653.50341	0.00666295129058892
1651.45446	0.00724010116478185
1649.40551	0.00786674587018997
1647.35656	0.00819579417677354
1645.30761	0.00849486978747078
1643.25865	0.00905033848637199
1641.2097	0.00975801402137418
1639.16075	0.0103704160227338
1637.1118	0.0107063989623432
1635.06285	0.0112348535126061
1633.0139	0.0121149056361686
1630.96495	0.0129213826557232
1628.916	0.0135785055591401
1626.86705	0.0143916265549377
1624.8181	0.0154253648214551
1622.76915	0.0165126110297473
1620.72019	0.0174115228192068
1618.67124	0.0182099501369316
1616.62229	0.019168656957182
1614.57334	0.0201503529555901
1612.52439	0.0209953224712928
1610.47544	0.0217535421432017
1608.42649	0.0223539478915756
1606.37754	0.0227582358177015
1604.32859	0.0231025454590525
1602.27964	0.0232292154519404
1600.23069	0.023017625155371
1598.18173	0.0226758236116273
1596.13278	0.0221852444783965
1594.08383	0.0214671856667797
1592.03488	0.0206676328753954
1589.98593	0.0197688704323377
1587.93698	0.0186259338057645
1585.88803	0.0174976050702145
1583.83908	0.01651309163964
1581.79013	0.0154904878002659
1579.74118	0.0144321412398098
1577.69222	0.0134040195528164
1575.64327	0.0126045247229967
1573.59432	0.0120618415395183
1571.54537	0.0112689330721191
1569.49642	0.010374744298295
1567.44747	0.00963327899874481
1565.39852	0.00906845047025381
1563.34957	0.00859131228116013
1561.30062	0.00801456504948527
1559.25167	0.00743398632926739
1557.20272	0.00712971566104146
1555.15376	0.00697878851297658
1553.10481	0.00657218605463234
1551.05586	0.00606783063207253
1549.00691	0.00586608803030921
1546.95796	0.00590348694077767
1544.90901	0.00576486371793666
1542.86006	0.00529805926110725
1540.81111	0.00496836243348498
1538.76216	0.0047949806361012
1536.71321	0.00466838825848961
1534.66426	0.00442713208139488
1532.6153	0.00415728829736571
1530.56635	0.00403499644740701
1528.5174	0.00390453181917063
1526.46845	0.00371564482734375
1524.4195	0.00343962430925814
1522.37055	0.00336668220575141
1520.3216	0.00338497615910479
1518.27265	0.00302029277056939
1516.2237	0.00257567595765525
1514.17475	0.0024295705367879
1512.12579	0.00239508164302638
1510.07684	0.0022454607443153
1508.02789	0.00203766370305891
1505.97894	0.00189811664177031
1503.92999	0.00190899732297057
1501.88104	0.00191296859102052
1499.83209	0.00181048176188924
1497.78314	0.00180261801459814
1495.73419	0.00195977560297532
1493.68524	0.00212790433100345
1491.63629	0.00208249522562049
1489.58733	0.00201701337336361
1487.53838	0.00227551139903027
1485.48943	0.00258166908385892
1483.44048	0.00274930164941002
1481.39153	0.00293904778816331
1479.34258	0.00325968197948042
1477.29363	0.00364040404216533
1475.24468	0.00401168981319532
1473.19573	0.00444306486832809
1471.14678	0.00488939419989484
1469.09782	0.00518885499992003
1467.04887	0.005488212695755
1464.99992	0.00589023271478282
1462.95097	0.00639833206812767
1460.90202	0.00689590064060284
1458.85307	0.00727701603489873
1456.80412	0.00751290521978558
1454.75517	0.00777150104643973
1452.70622	0.0082217046511894
1450.65727	0.00861309596174187
1448.60832	0.00875392456859287
1446.55936	0.00903298304868596
1444.51041	0.00954487393373725
1442.46146	0.00992972011747418
1440.41251	0.0102237349913811
1438.36356	0.0107582812924716
1436.31461	0.0114767307389259
1434.26566	0.0122862469515691
1432.21671	0.0129987989811214
1430.16776	0.0135478852450182
1428.11881	0.0140666965332218
1426.06986	0.0145691928436579
1424.0209	0.0150078228620465
1421.97195	0.0152724832379181
1419.923	0.0153796769556544
1417.87405	0.0154690563454595
1415.8251	0.0155262736679788
1413.77615	0.0155522662999056
1411.7272	0.0155966503509748
1409.67825	0.0156412500757254
1407.6293	0.0155899168304681
1405.58035	0.0154500767007112
1403.53139	0.0151888571052608
1401.48244	0.014811358313601
1399.43349	0.0143761738078848
1397.38454	0.0139206029526156
1395.33559	0.0134731397063827
1393.28664	0.0130654544303892
1391.23769	0.0127358962660292
1389.18874	0.01250408132301
1387.13979	0.0124157342601574
1385.09084	0.0125295933805204
1383.04189	0.0128226503562497
1380.99293	0.01323662989116
1378.94398	0.0137343698112261
1376.89503	0.0143117758157137
1374.84608	0.014886328264508
1372.79713	0.0153381410240284
1370.74818	0.0156471921504551
1368.69923	0.0158727900609461
1366.65028	0.0159867137608588
1364.60133	0.0159448417560395
1362.55238	0.0157563738873309
1360.50343	0.0154322384782953
1358.45447	0.0149891919067712
1356.40552	0.0145786692836063
1354.35657	0.0142875446336512
1352.30762	0.0140293254860107
1350.25867	0.0138284152400985
1348.20972	0.0137228824936199
1346.16077	0.013712433853274
1344.11182	0.0138491922152944
1342.06287	0.0141002035088671
1340.01392	0.0143627218717125
1337.96496	0.014578164314878
1335.91601	0.0147314682113687
1333.86706	0.0148063944635674
1331.81811	0.014803310308663
1329.76916	0.0147978499688249
1327.72021	0.0148821001072224
1325.67126	0.015043613483726
1323.62231	0.0152373455730594
1321.57336	0.0155043694574657
1319.52441	0.0158580569191668
1317.47546	0.0162270376385148
1315.4265	0.0165197783998905
1313.37755	0.0166642934989426
1311.3286	0.0166125519824053
1309.27965	0.0163433464391105
1307.2307	0.0158721843534536
1305.18175	0.0152361840952837
1303.1328	0.0144839662967943
1301.08385	0.0137026402778598
1299.0349	0.0129673515246066
1296.98595	0.0123143315439022
1294.93699	0.0117787439522148
1292.88804	0.0113671188817947
1290.83909	0.0110508461933431
1288.79014	0.010821514842527
1286.74119	0.0106688042901424
1284.69224	0.010545905287508
1282.64329	0.0104044520403699
1280.59434	0.010223454319963
1278.54539	0.00999915264165352
1276.49644	0.00973063823635305
1274.44749	0.009406097344369
1272.39853	0.00902359855888475
1270.34958	0.00860969916080028
1268.30063	0.00819630484723792
1266.25168	0.00780956565914311
1264.20273	0.00746539634446789
1262.15378	0.00716490621723104
1260.10483	0.00692115029620171
1258.05588	0.00673825147330738
1256.00693	0.00659357244472059
1253.95798	0.00646954380191196
1251.90903	0.00636841513283148
1249.86007	0.00628596543711729
1247.81112	0.00621494204012185
1245.76217	0.00614455380558058
1243.71322	0.00605014533841737
1241.66427	0.00590844587328766
1239.61532	0.00571037468081346
1237.56637	0.00545918587308035
1235.51742	0.00514498424073945
1233.46847	0.00475102389319816
1231.41952	0.00427569016600363
1229.37056	0.00373403824833186
1227.32161	0.00314049103751352
1225.27266	0.0025062489823149
1223.22371	0.00188129814453106
1221.17476	0.00134898926557663
1219.12581	9.95262950726722E-4
1217.07686	8.58023070128452E-4
1215.02791	9.17907431251226E-4
1212.97896	0.00116190359229696
1210.93001	0.00158236183099607
1208.88106	0.00212006597970376
1206.8321	0.00266359735503231
1204.78315	0.0031096614930769
1202.7342	0.00340097497065416
1200.68525	0.00349686163382025
1198.6363	0.00335245834150117
1196.58735	0.0029739857047008
1194.5384	0.00244200864972125
1192.48945	0.00185861208353231
1190.4405	0.00132439780872386
1188.39155	9.22150594993179E-4
1186.3426	7.21206570571379E-4
1184.29364	7.97627843663315E-4
1182.24469	0.00121583953246709
1180.19574	0.00201400068505792
1178.14679	0.00322910004474875
1176.09784	0.00491032866685181
1174.04889	0.00706688329995679
1171.99994	0.00959690634113902
1169.95099	0.0123180782413625
1167.90204	0.015046061461068
1165.85309	0.0176006513678835
1163.80413	0.0198163863513234
1161.75518	0.0215719932036747
1159.70623	0.0227802801653358
1157.65728	0.0233789785537739
1155.60833	0.0233549418757797
1153.55938	0.0227705801515403
1151.51043	0.0217505025283703
1149.46148	0.0204641416832735
1147.41253	0.0191103329978956
1145.36358	0.0178658666183005
1143.31463	0.0168306458086295
1141.26567	0.0160647910277259
1139.21672	0.0156411738657854
1137.16777	0.0156292903475209
1135.11882	0.0160688537189355
1133.06987	0.0169503644819901
1131.02092	0.0182074815603786
1128.97197	0.0197584430635586
1126.92302	0.0215756680967028
1124.87407	0.0236661820662581
1122.82512	0.0259772547696694
1120.77616	0.0284139116443814
1118.72721	0.0309010423813455
1116.67826	0.0333589303367831
1114.62931	0.0356857321701924
1112.58036	0.0378064009566055
1110.53141	0.0396533285857851
1108.48246	0.0411492147078951
1106.43351	0.0422239987923094
1104.38456	0.0428501179939983
1102.33561	0.043053946193369
1100.28666	0.0429232147112726
1098.2377	0.0425987046424117
1096.18875	0.0422001925566963
1094.1398	0.0417774369245812
1092.09085	0.0413934993840326
1090.0419	0.0411754506653317
1087.99295	0.0412316554967794
1085.944	0.0415910669242759
1083.89505	0.0422389909350654
1081.8461	0.0431510411395523
1079.79715	0.0443030665411356
1077.7482	0.0457047532127573
1075.69924	0.0474169727477984
1073.65029	0.0495008048845115
1071.60134	0.0519768497232137
1069.55239	0.0548096169140669
1067.50344	0.0579066295477819
1065.45449	0.0611364515315083
1063.40554	0.0643812938313527
1061.35659	0.0675285348343656
1059.30764	0.0704048560118735
1057.25869	0.0727927579590203
1055.20973	0.0745512570662417
1053.16078	0.0756543561493702
1051.11183	0.0761498136804038
1049.06288	0.0761968541947429
1047.01393	0.0760662316911289
1044.96498	0.0760406457240133
1042.91603	0.0763299000208257
1040.86708	0.0770226670873713
1038.81813	0.078095284494724
1036.76918	0.0794582166446453
1034.72023	0.0809986337742266
1032.67127	0.0825887558943557
1030.62232	0.0840671650069098
1028.57337	0.0852764159644819
1026.52442	0.0861083667871215
1024.47547	0.0865034909334367
1022.42652	0.086446696098601
1020.37757	0.0859885914407663
1018.32862	0.0852343381543411
1016.27967	0.0843104638485602
1014.23072	0.0833363469568668
1012.18177	0.0823872120153481
1010.13281	0.0814819034696155
1008.08386	0.080626876625029
1006.03491	0.0798507496828943
1003.98596	0.0791699870530477
1001.93701	0.0785588991442967
999.88806	0.0779967195496009
997.83911	0.0774740121786848
995.79016	0.0769796395838263
993.74121	0.0764877040305782
991.69226	0.0759385703804212
989.6433	0.0752497980112163
987.59435	0.0743669553506012
985.5454	0.0732509049438616
983.49645	0.0718685002865092
981.4475	0.0701848754709889
979.39855	0.0681874359299515
977.3496	0.0659288813197672
975.30065	0.0634718117492799
973.2517	0.0608667276725709
971.20275	0.0582065821872755
969.1538	0.0556032966621557
967.10484	0.053132321877724
965.05589	0.0508159592932095
963.00694	0.0486196958881858
960.95799	0.0464911182416035
958.90904	0.0444055684412113
956.86009	0.0423711126589112
954.81114	0.0404130930846554
952.76219	0.0385386980621893
950.71324	0.036766364698156
948.66429	0.0351502949581646
946.61533	0.0336927088532578
944.56638	0.032362351281323
942.51743	0.0311473970044659
940.46848	0.0300170343594159
938.41953	0.0289236553508365
936.37058	0.0278336156476491
934.32163	0.0267285741812031
932.27268	0.025603058661041
930.22373	0.0244532709029836
928.17478	0.0232924445445246
926.12583	0.022138238510323
924.07687	0.0210077777883356
922.02792	0.0199376986786839
919.97897	0.0189730356714809
917.93002	0.0181332666956978
915.88107	0.017440448908383
913.83212	0.0169086664945302
911.78317	0.0165603928639761
909.73422	0.0164317394354817
907.68527	0.0165074148184697
905.63632	0.0167201639583442
903.58737	0.0169996367293392
901.53841	0.017262044091592
899.48946	0.0174275427065261
897.44051	0.0174366150273474
895.39156	0.0172450829099527
893.34261	0.0168390034008614
891.29366	0.0162243069220769
889.24471	0.015403177289108
887.19576	0.0144041060096079
885.14681	0.0132991048694645
883.09786	0.0121897513871256
881.0489	0.0111511524495405
878.99995	0.0102021344005832
876.951	0.00932649190982943
874.90205	0.00851278887753234
872.8531	0.00774921819082433
870.80415	0.00702543872075787
868.7552	0.00633244876069278
866.70625	0.00567546379836138
864.6573	0.00507901146738364
862.60835	0.00453288647360255
860.5594	0.0039945124450862
858.51044	0.00345993744418611
856.46149	0.00295052175034091
854.41254	0.00247491976052716
852.36359	0.00205036505713087
850.31464	0.001679213411889
848.26569	0.00132937710687024
846.21674	0.00101198117236792
844.16779	7.58454562252967E-4
842.11884	5.51287123005309E-4
840.06989	3.63285551100397E-4
838.02094	2.1421353481036E-4
835.97198	1.09642335575092E-4
833.92303	2.67356251815944E-5
831.87408	-3.83526596749943E-5
829.82513	-8.19832729062937E-5
827.77618	-1.00471155522693E-4
825.72723	-8.42828705498272E-5
823.67828	-2.23133956489237E-5
821.62933	7.79931079541623E-5
819.58038	2.2063324711621E-4
817.53143	4.23063775729405E-4
815.48247	6.49164068557087E-4
813.43352	8.37674695577147E-4
811.38457	9.8900258085541E-4
809.33562	0.00113651392442611
807.28667	0.00126117674502134
805.23772	0.00135359704583673
803.18877	0.00143475188745548
801.13982	0.0014888852987577
799.09087	0.0015005580317717
797.04192	0.00148977883049229
794.99297	0.00146829398535024
792.94401	0.00142560544290572
790.89506	0.00137490745744076
788.84611	0.00132439880816267
786.79716	0.00127026923976553
784.74821	0.00122799352278906
782.69926	0.00121926365044675
780.65031	0.00123263134460611
778.60136	0.00122216868929044
776.55241	0.00117556766097766
774.50346	0.00111732569044324
772.4545	0.00104333326525131
770.40555	9.66603418945042E-4
768.3566	9.27173350840775E-4
766.30765	9.27238172880054E-4
764.2587	9.61902879740499E-4
762.20975	0.00106614935589684
760.1608	0.00124981971373435
758.11185	0.0014943621286536
756.0629	0.00180073305343587
754.01395	0.00216485407759476
751.965	0.00253306664333895
749.91604	0.00283753956559391
747.86709	0.0030681994077554
745.81814	0.00324459549214165
743.76919	0.00337932850442038
741.72024	0.0035059217410925
739.67129	0.00363544850812688
737.62234	0.00377473769848798
735.57339	0.00397955033218268
733.52444	0.00429628085604726
731.47549	0.00472004777975624
729.42654	0.005237227503694
727.37758	0.00585787063655835
725.32863	0.00657753004965811
723.27968	0.00734382196288496
721.23073	0.00810553912365555
719.18178	0.00885196280769641
717.13283	0.00957844679821211
715.08388	0.0102619376389131
713.03493	0.0108584135480406
710.98598	0.0113524137434617
708.93703	0.0117836540365967
706.88807	0.0121787913726144
704.83912	0.0125132428778362
702.79017	0.0127671768099616
700.74122	0.0129473496621392
698.69227	0.0130870971828764
696.64332	0.013212515105516
694.59437	0.0133148848185316
692.54542	0.0133893700636401
690.49647	0.0134805462362055
688.44752	0.0136689526912644
686.39857	0.0140024137963257
684.34961	0.014448762968819
682.30066	0.0149730553457769
680.25171	0.0156212238924309
678.20276	0.0164311745054102
676.15381	0.017404523261475
674.10486	0.0185594746289493
672.05591	0.0198541516284747
670.00696	0.0211393107651347
667.95801	0.0222448577288688
665.90906	0.0230686893553488
663.8601	0.0235792453982579
661.81115	0.0238274452494235
659.7622	0.0238829865813508
657.71325	0.0237430331300266
655.6643	0.0233711740625583
653.61535	0.0228138127671835
651.5664	0.0222348369731255
649.51745	0.0217643606542097
647.4685	0.0214372487576887
645.41955	0.0212737601224749
643.3706	0.0212893480782202
641.32164	0.0214821718370545
639.27269	0.0218125535071595
637.22374	0.0222299102194642
635.17479	0.0227259124986851
633.12584	0.0233274707903544
631.07689	0.0240417848456282
629.02794	0.024844353256188
626.97899	0.0257204393198335
624.93004	0.0266516862453761
622.88109	0.0275996741511628
620.83214	0.0284622002595677
618.78318	0.029122962245567
616.73423	0.0296361193227114
614.68528	0.0301245908856587
612.63633	0.0305868258509377
610.58738	0.0309585669419653
608.53843	0.0312170141101533
606.48948	0.031390344682694
604.44053	0.0315070165299794
602.39158	0.0316140936579836
600.34263	0.0317317806308059
598.29367	0.031833856572467
596.24472	0.0319076390686279
594.19577	0.0319180203656849
592.14682	0.0318101913526682
590.09787	0.0316208543491227
588.04892	0.0314795801187742
585.99997	0.0314405640903991
583.95102	0.0314329428694363
581.90207	0.0314121062394192
579.85312	0.0313660868281189
577.80417	0.0313018583306683
575.75521	0.0312602496459123
573.70626	0.0313446236094381
571.65731	0.0316438000704978
569.60836	0.032179675801509
567.55941	0.0329305096913504
565.51046	0.0337929675140499
563.46151	0.0346599324831897
561.41256	0.0354711837401235
559.36361	0.0361401201040239
557.31466	0.0365638692345439
555.26571	0.036641151434106
553.21675	0.0363351213943536
551.1678	0.0357146532640233
549.11885	0.0348703225493959
547.0699	0.0339136279648958
545.02095	0.0330179773562429
542.972	0.0323235571060416
540.92305	0.0318344902486287
538.8741	0.0314343568320623
536.82515	0.0310962389209665
534.7762	0.0308733094320173
532.72724	0.030731057899236
530.67829	0.0305805304177988
528.62934	0.0304195604132669
526.58039	0.0303036555194134
524.53144	0.0302696357237728
522.48249	0.0303444744737851
520.43354	0.0304707291943005
518.38459	0.0305819889845036
516.33564	0.0305936888403077
514.28669	0.0304382415038494
512.23774	0.0301487745188447
510.18878	0.029674478777485
508.13983	0.0290269071629694
506.09088	0.0282305356354772
504.04193	0.0272629896170335
501.99298	0.0262553782948222
499.94403	0.0253808563799278
497.89508	0.0246748410269787
495.84613	0.0241358444133311
493.79718	0.0237399983581928
491.74823	0.0233568468314684
489.69927	0.022917490228143
487.65032	0.0223991103912127
485.60137	0.0217333416524079
483.55242	0.0209512844068528
481.50347	0.0200319034471246
479.45452	0.0189565884974364
477.40557	0.0177977974373369
475.35662	0.0167044677844662
473.30767	0.0158738987718529
471.25872	0.0152310913875176
469.20977	0.0146559605065111
467.16081	0.0142455431758669
465.11186	0.0139745506507991
463.06291	0.0137336670372357
461.01396	0.0135147076628582
458.96501	0.0133653703548513
456.91606	0.0132633977743144
454.86711	0.0131920079825843
452.81816	0.013181622660967
450.76921	0.0132259663757557
448.72026	0.0133554609333936
446.67131	0.0136447089920875
444.62235	0.0139914172824682
442.5734	0.0141439712682227
440.52445	0.0141452903497134
438.4755	0.014188565568504
436.42655	0.0142988337008873
434.3776	0.014402851270242
432.32865	0.0141720444832433
430.2797	0.0135359119447935
428.23075	0.0127161239181082
426.1818	0.0116927040224251
424.13284	0.0105087798030545
422.08389	0.00933314396369169
420.03494	0.00825627246596412
417.98599	0.00725079511766506
415.93704	0.00623387581186441
413.88809	0.00522380924229963
411.83914	0.00431841800484278
409.79019	0.00348710726215984
407.74124	0.00272987701427496
405.69229	0.00204672726123079
403.64334	0.00143765800298468
401.59438	9.02669239536636E-4
399.54543	4.41760970929295E-4
